 -10 5458.11438 
 -9 4943.91125 
 -9 4476.81257 
 -9 4035.27273 
 -9 3635.17273 
 -8 3257.97933 
 -8 2918.30198 
 -8 2588.43399 
 -8 2318.28924 
 -8 2047.18926 
 -7 1803.56316 
 -7 1572.90764 
 -7 1347.45489 
 -7 1193.54413 
 -7 1036.49291 
 -6  880.28176 
 -6  742.19997 
 -6  621.23636 
 -6  532.57631 
 -6  454.37074 
 -5  348.61907 
 -5  276.61927 
 -5  232.50663 
 -5  182.13139 
 -5  147.44741 
 -4   97.03645 
 -4   66.33431 
 -4   50.90144 
 -4   17.86947 
 -4    5.04077 
 -3    0.84542 
 -3  -22.91363 
 -3  -17.86758 
 -3  -26.27245 
 -3  -15.20744 
 -2  -16.25033 
 -2  -13.93505 
 -2  -10.15739 
 -2    9.56593 
 -2   -8.92166 
 -1  -11.83050 
 -1    1.09788 
 -1  -15.01507 
 -1    2.91240 
 -1   13.35002 
 0   -8.86227 
 0   17.43857 
 0  -17.39535 
 0   15.34517 
 0    1.96706 
 0   -4.52836 
 0    2.99234 
 0    8.43621 
 0   16.40953 
 0   27.42772 
 1   25.79950 
 1   38.40565 
 1   43.11858 
 1   61.96942 
 1   82.28231 
 2  115.75394 
 2  127.74395 
 2  169.35004 
 2  205.73384 
 2  248.70653 
 3  319.94526 
 3  369.62912 
 3  467.14462 
 3  544.07447 
 3  639.36396 
 4  749.07193 
 4  916.07911 
 4 1029.07456 
 4 1190.61950 
 4 1359.86871 
 5 1546.42140 
 5 1763.62052 
 5 2005.81205 
 5 2264.28718 
 5 2533.54356 
 6 2837.93817 
 6 3149.50190 
 6 3517.70740 
 6 3899.70659 
 6 4327.78316 
 7 4785.24999 
 7 5265.94572 
 7 5794.43911 
 7 6348.26413 
 7 6955.58377 
 8 7617.72309 
 8 8294.52090 
 8 9028.68492 
 8 9797.44939 
 8 10614.66364 
 9 11504.89968 
 9 12433.09023 
 9 13408.69763 
 9 14450.98817 
 10 15545.26308 
